GeneID	Patient4	Patient5	Patient6	Patient7	Patient8	Patient9	Patient10	Patient11	Patient12
10467_at	2.906744369	2.902403341	2.876275936	2.863292433	2.99205738	3.019094026	3.029536139	2.885635488	3.169263389
10376_at	3.024524325	3.247499683	2.867479845	3.040734978	3.024019907	3.040650475	3.353769962	3.084541119	3.092607123
10427_at	3.28616326	3.192642822	3.600886175	3.091638124	3.286230315	3.363795383	3.274332553	3.193150563	2.944668819
10054_at	3.300219633	3.017577027	3.000097348	3.303756533	2.807681537	2.920627446	3.511916955	3.077446693	3.178701254
10520_at	3.608240204	3.2804185	3.578522708	3.35597699	3.735443143	3.852666519	3.696069675	3.784540425	3.571497768
10199_at	3.878531267	3.449911981	3.457973087	3.366949447	3.588548536	3.54336952	3.451775615	3.68129103	3.447575381
1021_at	3.445983412	3.436818938	3.348994211	3.367658663	3.058241462	3.24491337	3.170715748	3.29993469	3.092624479
10480_at	3.350625822	3.802952544	3.7568839	3.371905041	3.446954815	3.552550697	3.350680315	3.573547158	3.417386615
10233_at	3.015523574	3.173390667	3.29815663	3.387522576	3.055787122	2.982106524	3.444356166	2.944680677	3.187104981
10040_at	3.817671733	3.778654887	3.503083871	3.395123257	3.482722744	3.435770034	3.661507954	4.209076921	3.593210703
10165_at	3.791063665	4.202071824	3.758102807	3.408189878	3.805268609	3.666543035	3.81643251	3.987621011	3.546340481
10533_at	3.238328404	3.558909556	3.3745396	3.409774794	3.157233482	3.217598284	3.313202903	3.459756755	3.40009494
10371_at	3.910697441	3.615525417	3.879570455	3.420565592	3.730909681	3.587772278	3.773695445	3.635807574	3.839208157
10269_at	3.63103286	3.6929959	3.259583438	3.471891407	3.503121426	3.537721216	3.463908307	3.338490297	3.672378301
10207_at	3.613169375	3.407905736	3.51638001	3.483083905	3.397697456	3.443850355	3.516556365	3.412850825	3.550333037
10180_at	3.437020755	3.090976653	4.010651965	3.567336578	3.794554071	3.628461281	3.821071155	3.921523799	3.877701094
10058_at	3.711818885	3.856864694	3.852008458	3.572660009	4.013480779	3.465952679	3.977129114	3.6214709	3.671748346
10325_at	3.24294515	3.54285388	3.643727203	3.585480201	3.466577147	3.800020479	3.744339662	3.26267777	3.254590716
10237_at	4.122524025	3.954272151	4.235250005	3.605886631	4.079059172	4.16996192	4.107561624	4.081445889	4.146038552
100128008_at	4.051056281	3.834343512	3.77950279	3.621231132	3.944766137	3.922209085	3.806023969	3.807588959	3.677824906
10062_at	4.164726928	4.257851461	3.753315681	3.650965888	3.966030021	3.975134213	3.875814547	3.795753537	3.878577984
10403_at	3.842554208	3.458894862	3.405367253	3.691242595	3.627084829	3.841392409	3.902563947	3.775567788	3.672784643
10076_at	3.603491532	3.579338702	3.601862189	3.695165258	3.475634159	3.343312979	3.310543742	3.371260743	3.688130135
10123_at	3.727332565	3.667384841	3.639952816	3.696727887	3.45167836	3.67222015	3.765282756	3.679216729	3.757450945
1002_at	3.799229235	3.999533467	3.513865912	3.697544687	4.022390871	3.913252328	4.23488645	3.878696303	3.702489911
10023_at	3.376693294	3.696725821	3.484721539	3.699073868	3.675375996	3.67224591	3.77729521	3.814580243	3.587105787
10278_at	3.666684087	3.954129326	3.88226318	3.702070294	3.781427442	3.90550319	3.69729009	3.835417314	3.872415649
10015_at	3.765483115	4.041046394	4.183203326	3.712754055	4.100885175	3.964506131	4.091597279	3.981465977	3.96960514
100128414_at	3.699614553	3.445453194	3.740609612	3.744194799	3.681971334	3.635372116	3.521369592	3.346702297	3.427648263
1016_at	3.885152976	3.298891225	3.794090556	3.781506051	4.241749705	4.053560751	3.743270361	4.022998433	3.637663548
10253_at	3.631649679	3.975251076	4.016738324	3.817471822	4.075269653	4.198554853	4.16092856	4.645870793	4.026814255
10083_at	3.913133382	3.707760549	4.051251698	3.867030958	4.042856964	3.933901488	4.018557116	3.749557326	3.922435977
10419_at	4.2391012	4.486880488	4.245423844	3.88786061	3.970589549	3.364992369	4.112984212	3.964361651	3.704536309
10225_at	4.079843376	4.139491755	4.169617754	3.891819748	4.247870193	4.049223637	3.908045577	4.277239653	4.051737697
10449_at	3.347098853	4.022558186	3.645781976	3.903249074	3.410914444	3.511514183	4.09089567	4.081502093	3.761139811
10457_at	3.89568553	3.791974302	3.927690897	3.912649061	3.888103136	3.775370771	3.821405076	3.91446302	3.850179686
10272_at	3.891165591	3.977856377	4.007845134	3.924286737	4.080444526	4.178843464	4.170839089	4.125365213	4.318550782
10227_at	3.52681681	3.811938288	3.844959876	3.974463244	3.520148069	3.66020628	3.676409266	3.618759724	3.746467161
10392_at	3.730623417	3.703046648	3.82039215	3.976805222	3.791689546	3.779558086	4.018340643	3.805935185	3.674706805
10370_at	4.333367906	4.440296769	4.452201565	4.007399855	4.389416923	4.341637478	4.388221012	4.481891847	4.227441398
10347_at	3.829011418	3.7117765	3.75526693	4.023043677	3.840652481	3.672780703	3.879516229	3.678529562	3.902111095
10420_at	4.016671334	3.906526006	4.319381366	4.023397389	4.316185454	4.153401662	4.172480731	4.102267624	4.146525116
1020_at	3.554179399	3.670490775	3.704221614	4.087062249	3.700238526	3.773037727	3.500667486	3.902367766	4.017740643
1051_at	4.0779991	4.238425267	4.727220726	4.14116681	4.430351518	4.178843464	4.309926379	4.146832078	4.081257344
101_at	4.214557898	4.444963321	4.270194944	4.149806069	4.168927867	4.30414335	4.334573183	4.325074356	4.239468861
10460_at	3.987633542	3.799577254	3.651894911	4.154661982	4.092136622	3.706856074	4.024492931	3.734696469	3.915813896
10351_at	4.23174114	4.431901062	4.053457107	4.156623569	4.294275729	4.114839456	4.45862501	4.471586235	4.272738599
100129503_at	4.000369826	4.163303171	3.537536872	4.163722263	4.327250381	4.513893085	4.119500911	4.211598177	3.869582877
100130449_at	4.001780863	4.219164684	3.721334132	4.167409294	3.820388383	3.792717007	3.958479926	3.770933326	3.588728063
1039_at	4.261387126	4.071779484	4.007972045	4.168402851	3.992029112	4.180627432	4.125312834	3.759127652	4.004522037
1012_at	5.189599545	4.991865596	4.575349059	4.178200141	5.22352011	4.935454219	5.010810817	5.022505392	5.161363387
10280_at	4.122659814	4.362805722	3.971751419	4.195155555	4.136104999	4.240251703	4.241773201	4.248521006	4.167765301
10469_at	4.153023198	4.146108229	4.000768977	4.196555576	3.822660318	4.047454357	4.006550607	4.090386906	4.000768977
10385_at	4.447780476	4.792311711	4.542534318	4.20698534	4.452559705	4.424013902	4.465687648	4.500781506	4.46454471
10365_at	4.05169797	3.738273562	4.163626902	4.213883258	3.852414072	3.777597152	4.17386648	4.195475225	3.810129935
10463_at	4.467592046	4.694851161	4.352433961	4.246579657	4.417067388	4.334979442	4.250007357	4.346234801	4.522419876
10538_at	3.980577989	3.746362991	3.853399746	4.251918724	3.693840736	3.731990958	3.71814613	3.950910329	3.746609622
10296_at	4.660143289	4.449938657	4.476300627	4.281976285	4.486519059	4.552537852	4.505215986	4.540066791	4.566672909
10505_at	4.112511574	4.157771289	4.28189648	4.286835888	4.201394163	4.173288901	4.015100646	4.188633239	4.181338477
10200_at	4.180773433	4.471412245	4.566412567	4.294986489	4.334487174	4.481527506	4.281065456	4.478730922	4.185642599
10535_at	4.266430953	4.815873698	4.219545975	4.296156097	4.624287602	4.236148082	4.588740682	4.392853424	4.675871681
100131613_at	4.535225607	5.051586017	4.259988459	4.298200889	4.011630688	4.046235363	4.003860385	4.45827158	4.469755059
100129686_at	4.485969852	3.727231929	4.081292654	4.310764495	3.744550158	4.275445337	3.97483449	4.113888412	3.927141741
102_at	4.37988226	4.257506254	4.255225451	4.311998379	4.458277896	4.381142704	4.465407281	4.51482567	4.191615314
10455_at	4.13658498	4.213708144	4.347456874	4.325464498	4.746307024	4.422306577	4.961200836	4.589250802	4.167894071
100130544_at	4.152954986	4.810413568	5.191959402	4.327892064	4.434499498	4.344935127	4.573310714	4.945091128	4.503051855
10518_at	4.28376332	4.022594574	4.274077444	4.354521727	3.93106984	4.055813322	3.987159382	4.051112612	3.939331317
10417_at	4.44033214	4.396081072	4.177268794	4.362816497	4.267160171	4.218443654	4.310538625	4.447215323	4.414908283
10497_at	4.510037994	4.375978273	4.205520704	4.365962511	4.303459715	4.353674813	4.444473082	4.668702717	4.439774458
10369_at	4.095600583	4.278488375	4.09585812	4.367417856	3.955712364	4.212918824	4.245065962	4.182885691	4.318379467
10162_at	4.47227402	4.251038735	4.136097788	4.392541892	4.145674451	4.329069384	3.93120022	4.333230233	4.217427521
10026_at	4.079843376	4.130150358	4.332607341	4.410205596	3.667466914	3.776303908	3.861656901	3.639171434	3.851854762
10018_at	4.388491183	4.447466225	4.556088617	4.41588557	4.359029199	4.751913512	4.614379288	4.652639733	4.681142185
10282_at	4.413631428	4.268047813	4.146775278	4.421017444	4.382344045	4.668233098	4.517265831	4.155107634	4.043761432
10209_at	4.749457978	4.552722691	4.509971501	4.423935725	4.540630315	4.500460514	4.517989581	4.560122222	4.501265261
10005_at	4.622088807	4.563052612	4.800480673	4.42525536	4.668702717	4.547779133	4.63085463	4.960582362	4.715281134
10047_at	4.425817343	4.523891465	4.335088973	4.435268433	3.984022387	4.132363244	4.188617063	4.03558216	4.479571615
10248_at	4.737802356	4.796628805	4.835671854	4.443086041	4.990890448	4.832109719	4.610451411	4.501327905	4.761177228
10168_at	4.810010222	4.662315668	4.559421439	4.446726706	4.694344171	4.599362497	4.65418373	4.619137148	4.55020917
10330_at	4.662432286	4.675826525	4.881790889	4.450196878	4.601285412	4.674616383	4.784141958	4.695341271	4.751417504
10409_at	4.302155908	4.25514415	4.430782067	4.452857733	4.418737474	4.729668885	4.44607584	4.670529321	4.301248677
10234_at	4.43918996	4.605539248	4.715435759	4.454864244	4.618534913	4.849462639	4.545861517	4.487836861	4.46992564
10384_at	4.904170711	4.659457266	4.626799904	4.459389214	4.461069793	4.484518936	4.608695935	4.435049941	4.815594802
10492_at	4.366626186	4.389899732	4.347279533	4.461625451	4.386548388	4.327665186	4.326831754	4.157547826	4.341313093
10211_at	4.780217155	4.83503281	4.630163515	4.466878706	4.480237063	4.75817629	4.486691204	4.710249619	4.69130759
1029_at	4.743676862	4.810539897	4.819917133	4.468381146	4.65559573	4.482005338	4.680714239	4.587775486	4.839840291
10507_at	4.446362288	4.399464635	4.563287666	4.475151213	4.250691056	4.369655048	3.951497755	4.615045078	4.387525779
10157_at	4.588612999	4.264227945	4.547884543	4.482970752	4.759586683	5.181812894	4.49391286	4.780484741	4.81539329
10221_at	4.725839031	4.663734221	4.83861096	4.491601596	4.371152582	4.398343903	4.554318775	4.549421369	4.306041137
10129_at	4.689941866	4.510437413	4.574638987	4.499289818	4.365179923	4.435764231	4.416842578	4.442907418	4.415986346
10482_at	4.803060159	5.113094005	4.881043008	4.505792523	5.039375459	4.706130953	4.941167958	4.721315724	4.99552784
10490_at	4.393140286	4.794116981	4.583910436	4.52015421	4.472895135	4.313007174	4.521796033	4.761915386	4.477920545
10098_at	4.535225607	4.527327636	4.521565699	4.525754957	4.46341277	4.371314701	4.339917825	4.668612422	4.433884055
10112_at	3.890014425	4.377424278	4.008106354	4.543032962	4.355365522	4.293182516	3.985139448	4.152432016	4.160563804
10285_at	4.640592987	4.61871171	4.684606385	4.544367523	4.909429719	4.730543448	4.592737439	4.913719638	4.853604151
10454_at	5.035924742	4.980074066	4.727440665	4.547547472	5.452151067	5.114233998	5.106194678	4.394637352	4.688607387
10050_at	5.338216598	4.862257121	5.059843194	4.562979601	4.777671745	5.084510854	5.11100125	4.868416021	5.284546955
10491_at	4.261541425	4.543021081	4.790571871	4.566752191	4.40714912	4.313473867	4.542848571	4.568540432	4.470854276
10360_at	4.480121713	4.588409984	4.987614432	4.568772837	4.938047505	4.851967173	4.756078218	5.287762602	4.625732086
10426_at	4.468413659	4.761906672	4.338655857	4.573004635	4.494785318	4.616783488	4.518354158	4.317091431	4.617662536
10095_at	4.970882508	4.755927449	4.798301663	4.573415745	4.779770032	4.798937893	4.661916215	4.933372784	5.028306506
10213_at	4.527442294	3.956330141	4.293711303	4.573415745	4.606324384	4.727521875	4.174128366	4.212929862	4.224614419
10243_at	4.436652895	4.574547602	4.637096822	4.576239998	4.573235065	4.51113632	4.4833548	4.447074519	4.558442509
1025_at	4.614803695	4.061241869	4.446365674	4.584648186	4.165054258	4.038913729	4.195068812	4.083798724	4.342192744
10425_at	4.531106259	4.65783879	4.776076675	4.587263527	4.67215312	4.605126279	4.679294151	4.557013032	4.720785658
100133276_at	4.777493768	4.645827889	4.562384262	4.588497383	5.22196398	4.757698791	4.690499695	4.59259255	4.668890821
1004_at	4.698609915	4.503266732	4.631845389	4.602136982	4.703400757	4.58240439	4.58240439	4.595164553	4.583239601
100130703_at	4.252655424	4.817495679	4.819134054	4.627432921	4.533751343	4.927584529	4.945310734	4.520525833	5.394900953
10438_at	3.715235038	4.202300911	3.1937642	4.628242667	3.515532641	3.756725659	3.562393772	4.288369532	4.433047129
10316_at	4.518457865	4.705782324	4.858111254	4.640647628	4.891261293	5.184797298	4.596442558	4.571479347	4.598092229
10203_at	4.855574556	5.019715654	4.948794176	4.640918399	4.432455968	4.911136288	4.725099654	4.69096493	4.747813425
10250_at	4.418267129	4.351888574	4.639336342	4.643447103	4.59007381	4.54544495	4.910536852	4.467280018	4.406301224
10525_at	5.161652859	4.760918393	4.862108279	4.648301506	4.895830025	5.014866151	5.157617455	4.891032992	4.704851955
10395_at	4.68817903	4.820131103	4.895100135	4.652004436	4.659997185	4.802087686	4.877161254	4.750832579	4.818627641
10266_at	4.692335843	4.443554473	4.323041422	4.663570701	4.289582162	4.147404516	4.459623129	4.688947345	4.627995608
100129762_at	4.517001126	4.67022312	4.649123106	4.681969844	4.540217857	4.788193967	4.697769638	4.767882275	4.669318506
10036_at	4.861783353	4.848578698	4.938346986	4.686883256	4.836557542	4.810017359	4.748798877	4.912798991	4.704121731
10261_at	4.747620419	4.414372699	4.712806549	4.701783647	4.608430525	4.472846423	4.435485865	4.672642633	4.572981061
100_at	4.700009468	4.793152454	4.623869568	4.705423765	4.728205791	4.854952752	4.850721896	4.940739351	4.703800075
10254_at	4.405765219	4.540163922	4.699709073	4.718825623	4.454185606	4.558200362	4.764574276	4.667779412	4.567223587
1043_at	4.699609795	4.725276136	4.735657056	4.729934993	4.580327468	4.717702718	4.577045883	4.674315823	4.796128295
100129624_at	5.161306362	5.275477088	5.574360657	4.737744033	5.296523195	5.269051556	5.366044673	5.200435674	5.146115777
10133_at	4.667873023	4.622838237	4.579546434	4.761451198	4.614515869	4.606542555	4.599440958	4.565624347	4.437934973
10443_at	4.537981546	4.531819216	4.179905964	4.768502867	4.417090591	4.271166995	4.324200748	4.273382385	4.297004072
10238_at	4.926142705	5.16810221	4.982454661	4.787262164	5.050422526	4.958529103	4.941023946	5.105399407	4.993671966
100130464_at	4.305265844	4.650992107	5.144288446	4.791748821	4.494436679	5.003660104	4.945408798	4.599397998	5.313002661
10430_at	4.89107177	4.808467372	4.65335484	4.795685338	4.891607684	4.924985843	4.953160972	4.795685338	4.598777386
100132323_at	4.857683774	4.790135252	5.00478097	4.813952718	4.91373381	4.908998608	4.505382075	5.256317575	4.62636225
10061_at	4.944063437	4.936196007	4.911543708	4.817114677	4.980546362	4.928764964	4.8913924	4.980368665	5.099220655
1052_at	4.827190251	4.978559528	5.034253251	4.822732889	4.969154627	5.213762478	4.914423463	5.014998595	4.995010639
10432_at	4.539046408	5.306198158	5.163240557	4.831818134	5.118590549	5.101677516	5.33023585	5.131876386	5.226764983
10317_at	4.93076232	4.986296894	4.869794918	4.831850908	4.934152479	5.019066456	5.061341927	4.685444262	4.818502294
10170_at	4.214075773	4.465444003	4.3049546	4.842311358	4.410595172	4.054798168	4.244932892	4.058902954	4.300513534
10049_at	5.179898968	4.912172479	5.007913799	4.847908683	4.675775839	4.755820674	4.846995548	4.948985208	5.115374885
1038_at	5.33466215	5.354284169	4.950012533	4.85325912	5.022381154	5.158020072	5.219549813	5.278600232	5.396380723
10333_at	5.048749344	4.976763009	5.087438769	4.854705603	5.376976141	5.048393324	5.075551605	5.125803702	5.026370806
100132833_at	4.833415362	5.245899383	4.741581244	4.859086543	5.714944347	5.491380025	5.21619221	5.323015763	5.231057584
10210_at	4.079843376	4.568363808	4.165074788	4.866037914	3.903210479	4.04568704	3.898933336	4.291355092	4.507786211
1019_at	5.184496994	5.134931463	5.19305156	4.876578589	5.151967462	5.165765616	4.922577544	4.785034735	4.960316576
100130291_at	5.47924536	6.134025534	6.098197869	4.905736351	6.196978813	6.006047466	5.923663989	5.649106228	5.947134608
10512_at	4.711395709	4.575217836	4.663837552	4.912050684	4.616727496	4.573709035	4.712912134	4.772570067	4.794254567
100129361_at	4.989664111	4.871842446	4.735476452	4.923194425	4.821233884	4.465696215	4.777101266	4.870807127	4.533018177
10230_at	5.139603649	4.901835472	4.978028958	4.927925084	5.007971725	5.143949975	5.082351919	5.146359708	5.542456383
10072_at	4.728358295	5.006292237	5.500266581	4.933049897	4.832033442	5.096341626	5.213367115	5.52319267	5.199908758
100130134_at	4.598838336	4.61570157	4.69526609	4.943360766	4.757574921	4.538299672	4.706494931	5.181775887	4.650631741
10202_at	5.227698629	4.787382679	4.945411254	4.945349	4.986127731	4.911534185	5.184813218	5.091814987	4.894702969
1015_at	5.032425089	5.012808957	5.12820689	4.946095798	5.189286626	5.18742635	5.289140198	5.300529169	4.93491905
10239_at	5.079405885	4.646915309	4.878525207	4.955115773	4.785245228	4.744112879	4.706464149	4.707050206	4.927532599
10013_at	4.699727036	4.61044066	4.881263179	4.955755575	5.021973961	4.876482113	4.77162868	4.967584345	4.871755892
10431_at	5.336767374	5.272874906	5.354448114	4.957088012	5.331799581	5.041767939	5.047754739	5.366362991	5.215118684
10134_at	4.947812421	4.600343032	5.126619719	4.965016357	5.006772398	5.157844981	4.946485434	4.65866454	5.093307352
10394_at	5.78364004	5.400482149	5.471378296	4.970650671	5.411696178	5.367006959	5.278612777	5.419417809	5.251524206
10343_at	5.228701455	5.427714547	4.986211584	4.980470001	5.342870048	5.139363876	4.921054868	5.352194276	5.221711592
10399_at	5.181604969	4.957729695	5.09541143	5.00250036	5.122636102	4.852994927	5.130932088	5.119260317	5.235246923
10078_at	5.114794557	5.471537802	5.326632517	5.005129533	5.22196398	5.382646998	5.375481066	5.382188613	5.281799332
10516_at	5.198287114	4.726929067	4.706197679	5.027294677	4.663722706	4.835723523	4.736262867	4.887058701	4.823416531
10383_at	4.871326322	5.351615222	5.337552556	5.045935361	5.538166011	5.16889737	5.546321557	5.209251453	5.507750651
10424_at	5.130098769	4.562921776	4.972173151	5.053347845	4.813865269	4.990915176	4.950175704	5.108900087	4.85493975
10381_at	5.016406121	4.630082364	4.546495255	5.055584121	5.039622929	4.794717682	4.607175275	4.308719009	4.407707382
10241_at	5.410420974	5.064154162	5.335065811	5.056190319	5.186571871	5.055140876	5.096513765	5.160609303	5.096513765
10220_at	4.791374468	4.816540448	5.124332021	5.062140895	5.150047622	4.823493927	5.133359528	4.817748018	4.9924664
10149_at	5.251288461	5.186264231	4.856994179	5.063652214	4.687080912	5.115240199	4.826314605	4.955662393	4.803060159
100129482_at	5.613020796	5.283649583	5.341026559	5.076521287	5.135899675	5.410239861	5.59578734	5.379959428	5.196982641
10244_at	5.242136988	5.36862694	5.327590069	5.077638606	5.127881763	5.401039093	5.130925396	5.378160468	5.244278507
1027_at	5.50981868	5.300161451	5.289148372	5.10499605	5.331778746	5.544913934	5.118758196	5.286849812	5.739780221
10289_at	4.738793884	5.060469039	4.68369893	5.105797477	4.533126322	4.797484838	4.660664432	4.931058484	4.728944436
10440_at	5.034756903	4.99064468	5.059395442	5.112931109	4.995281951	5.138276354	5.143644951	5.096702719	5.27534183
10226_at	5.186389841	5.312032872	4.959991802	5.112973219	5.162015045	4.971035024	5.249599479	5.193312415	5.173323042
10142_at	5.290634291	5.433531952	5.320963171	5.113706953	5.263654128	5.454487819	5.538222675	5.469670825	5.49238197
10524_at	5.286296916	5.179092954	5.370386812	5.116686736	5.118494345	5.236058212	5.046650746	5.101779874	5.309271742
10140_at	4.68531555	4.913099337	4.738367357	5.122297728	5.093118555	4.862982464	5.306932325	4.669946833	4.772970457
10393_at	5.484673239	5.25697293	5.501994034	5.126798809	5.614061185	5.418696478	5.381725092	5.305256808	5.308682513
100130633_at	5.146555201	5.080557941	5.46752478	5.127011423	5.160984617	5.214925144	5.104728693	5.11938492	4.754992985
10451_at	4.964314923	5.29266638	5.454897201	5.128650183	5.166656861	5.492785575	5.478529382	5.180283392	5.134156065
105_at	5.285947741	5.390994751	4.9985242	5.140843463	5.043364692	5.263119384	4.974323559	5.499289183	5.523029738
10401_at	5.505588822	5.368083808	5.159008372	5.148049908	5.429055089	5.47506761	5.153373935	5.282322952	5.337279261
10472_at	5.190661114	5.105579952	5.106841134	5.162737027	4.900758984	4.895006179	4.812808627	4.929613327	5.099558926
10298_at	5.205937937	5.191163095	5.174708187	5.163160819	4.905208687	5.066861873	5.162695437	5.196903719	5.157520401
1028_at	5.207132828	5.491268769	5.412978129	5.171794893	5.274523018	5.571246877	5.418310777	5.657968777	5.370637711
10014_at	5.016290111	5.115758284	5.134440207	5.176231223	5.133071476	5.117504685	5.265830063	4.921500903	5.251650355
1005_at	5.483765938	5.218747376	5.364911966	5.180132988	5.071074056	4.739234683	5.374177017	5.210127978	5.207332153
10400_at	5.661415962	5.398246907	5.06808391	5.19508187	5.210834834	4.95163693	5.362691795	4.992146366	5.092705401
10084_at	5.10478356	4.969338066	5.009156863	5.195373833	4.960329447	4.980309549	5.032764049	5.139232038	5.010521382
10077_at	5.21458692	4.582838277	4.896580362	5.195526952	5.030068466	4.770855533	4.828791744	4.746655536	5.131104256
10257_at	5.29146116	5.421456307	5.208794537	5.201056995	5.048395908	5.232497112	4.997324286	5.151183366	5.024222357
10090_at	5.235974294	4.950398714	5.097541373	5.204383111	5.034564594	5.108224487	5.10044951	4.974543423	5.050137948
10196_at	5.498369586	5.218637523	4.872818682	5.206145952	5.236635883	5.145750449	5.236635883	5.335129196	5.142516559
1046_at	5.192456369	4.901846435	4.770869498	5.21191027	5.036150912	5.394109745	5.320935562	4.919456538	5.139608755
10445_at	5.405040799	5.330912692	5.209251453	5.217037612	5.350453003	5.476157783	5.156257986	5.554586156	5.13356855
100129500_at	5.198737551	5.24495685	5.429154521	5.22074939	5.199221505	5.310937028	5.394701557	5.328419247	5.270125738
10175_at	5.23449708	5.690917534	5.267349458	5.2256283	5.514487114	5.419232011	5.214647262	5.236173787	5.171817018
10131_at	5.322434802	5.792834681	5.697219526	5.242276531	5.457159618	5.05510648	5.317613502	5.271547437	5.593846319
100127972_at	5.587465329	5.744046822	5.048180867	5.245931677	5.4429325	5.576416994	5.525559706	5.094615691	5.481277304
1054_at	5.274979979	5.180044679	5.160963914	5.252321707	5.168409425	5.153426434	5.41019855	5.39356002	5.038190146
10486_at	5.536035427	5.460633732	5.735591614	5.271385739	5.535186118	5.491785342	5.323469387	5.621586326	5.450026693
10297_at	5.305167825	5.109347848	5.096707994	5.274892936	5.247742107	5.251104186	5.354313229	5.398596258	5.239770389
10379_at	5.427609732	5.572740289	5.581080328	5.276254299	5.442593636	5.696849849	5.586580406	5.623069418	5.430267906
100130100_at	4.67827611	5.128593959	4.974280549	5.284059654	4.765571309	4.901242014	4.736797873	4.828985951	5.107052033
10318_at	5.387623826	5.269709043	5.178167867	5.288859227	4.779089507	4.787326824	5.063859223	5.007218939	5.14619552
10219_at	5.759855831	5.432042995	5.53832376	5.297253392	5.611869253	5.446655437	5.625943958	5.752471752	5.570600069
10464_at	5.255320702	5.609257604	5.321051473	5.297456022	4.992903625	5.145231392	5.349775288	5.150349653	5.179696296
10075_at	5.120498857	5.111800133	5.339968675	5.299183131	4.985332027	5.229127343	5.237691234	5.247992857	5.168399237
10051_at	5.241925742	5.125462953	5.221869066	5.3006619	4.918860442	4.924160292	4.958519754	4.998770718	5.150541972
10197_at	5.297916746	5.223820234	5.185628194	5.312150192	5.184596116	5.292111203	5.269946314	5.243439098	5.247089061
10332_at	5.139209605	5.204173013	5.54068454	5.317430079	5.390927455	5.36401092	5.622086646	5.321466439	5.02398137
1032_at	5.209881575	4.839198715	4.977962689	5.317674533	5.120385118	4.930138173	4.820279175	5.111726158	5.145482189
10240_at	5.510950315	5.322947683	5.270091473	5.327520888	5.351091542	5.047240657	5.367423307	5.352846356	5.178822668
10150_at	5.36375839	5.464610848	5.085946988	5.343898749	5.104057418	5.324130689	5.313878944	5.179724698	5.265584669
1018_at	5.042206378	5.390720836	5.151012382	5.345791473	5.288853181	5.241849018	5.452951661	5.122602351	5.316311625
1001_at	5.371968346	5.63586749	5.377653664	5.358447293	5.428040481	5.207414364	5.576646159	5.278404771	5.388693675
10531_at	5.617503098	5.670024289	5.410111182	5.360398458	5.686614855	5.307157136	5.25039065	5.536849673	5.043389128
10128_at	5.292514752	5.585929815	5.305937965	5.381096168	5.499344722	5.501790726	5.53760674	5.371962729	5.454529384
10397_at	5.018631583	5.321996627	4.798301663	5.396969956	5.302970396	5.454620151	5.480444262	5.233205914	5.239011928
1006_at	5.417985357	5.644574902	4.991089686	5.396993646	5.120704554	5.577778501	5.313816179	5.429842205	5.450587557
10450_at	5.216101465	5.446583475	5.066542225	5.398075959	5.046157245	5.304824108	5.27124978	5.051171173	5.366369463
10228_at	5.490989628	5.562188887	5.484722456	5.409319259	5.470000286	5.373746241	5.484469494	5.556483584	5.356889552
10320_at	5.282566173	5.629619447	5.379510329	5.414855131	5.362161322	5.36096805	5.193678323	5.290101792	5.204495411
10057_at	5.754721679	5.402783577	5.723684179	5.417911266	5.234475458	5.756462192	5.547393124	5.649891925	5.639147275
10473_at	5.222341296	5.218091193	4.959947272	5.432125218	5.28338938	5.228465366	5.284038511	5.159976407	5.222321693
10247_at	4.936435489	5.017756425	4.684064669	5.433619544	4.876605247	4.577285595	4.917249334	4.893339685	5.246394429
10411_at	4.91425736	4.627250262	4.596436155	5.436196167	4.905332642	4.738587084	5.155877597	4.495460921	4.345893766
1030_at	4.948441966	4.933644714	5.502537175	5.436261072	5.336101487	5.352423403	5.037975204	5.171695872	5.533290005
10186_at	5.096488327	5.387915675	5.395788939	5.443452562	5.366709711	5.165800154	5.232537766	5.395788939	5.628991078
104_at	5.212654496	5.277789071	5.376812704	5.453341811	5.279830348	5.249571406	5.182741664	5.338925871	5.414712507
10458_at	5.64812195	5.530882391	5.562281581	5.462403315	5.503018753	5.502100281	5.434375393	5.559332863	5.429934294
10235_at	5.717165908	5.525488032	5.717743863	5.480849616	5.431815933	5.435636477	5.28231997	5.493054135	5.427855572
10246_at	5.452007072	5.48946231	5.44201233	5.500270781	5.258020755	5.534526892	5.485828129	5.501777214	5.4461475
10288_at	5.458804726	5.096149602	5.041582721	5.502342532	5.227788013	5.348346771	5.139321326	5.403314322	5.052286515
10179_at	5.291014359	5.342554809	5.28264365	5.52373327	5.434372446	5.2619836	5.086724321	5.24446396	4.919561041
100130348_at	5.191223963	5.67280474	5.371901096	5.526144695	5.340182197	5.647940489	5.280180924	5.604354524	5.623645284
10215_at	5.881705947	5.721554763	5.661818366	5.52821772	5.626813348	5.397035179	5.750841587	5.622626984	5.856223448
10_at	5.42505062	5.715586103	5.55081374	5.543698856	5.688898547	5.539305868	5.999191051	5.880362353	5.646034329
103_at	6.004786502	5.709706486	6.150186626	5.543894544	6.052662066	5.677692512	5.676091187	6.077499264	5.968966632
10109_at	5.313238754	5.558242873	5.643739017	5.548465906	5.49215294	5.681325537	5.40701593	5.714419304	5.559705771
10217_at	5.815294439	5.988459175	5.493126512	5.548809257	5.644012415	5.833582138	5.817047874	5.7084853	5.671228151
10007_at	5.729819637	5.663589462	5.763768203	5.554709872	5.334132191	5.628045666	5.520884918	5.477318957	5.488839657
10521_at	5.578086667	5.496539345	5.596120818	5.557040331	5.552632023	5.384972987	5.497836728	5.410975044	5.701268152
1014_at	5.561751941	5.750513028	5.24335797	5.560886496	5.308809672	5.382876673	5.314798713	5.023851963	5.48080212
10096_at	5.645969676	5.600586971	5.738487015	5.583001258	5.67373428	5.695698666	5.90648851	5.774423059	5.830533942
10158_at	5.423190682	5.334055133	5.802842445	5.588620213	5.804550789	5.68094884	6.031239021	5.898781797	5.588104985
10291_at	5.553870758	5.487742695	5.425174377	5.593139879	5.441377659	5.337963673	5.380413724	5.280704051	5.390218611
10252_at	5.567974764	5.41815623	5.56403755	5.594998696	5.602190624	5.777337794	5.501127849	5.594998696	5.821177774
1026_at	5.657417133	5.563468535	5.512273405	5.595164006	5.63873775	5.698768892	5.624187732	5.64822434	5.608588439
10428_at	5.544569801	5.917845971	5.679675522	5.595981731	5.346221797	5.428695931	5.560526305	5.396612382	5.667135545
10139_at	5.647513131	5.613572597	5.617075066	5.626954172	5.539852622	5.423985889	5.714448692	5.641046354	5.731118291
10273_at	4.976705192	4.788131955	5.294579085	5.628158307	4.757737108	4.603523469	4.990409641	4.744514829	4.883880067
10382_at	6.367357123	6.235680763	5.707145279	5.628158307	6.030785694	5.818263299	5.864912796	5.947999058	5.81164046
10107_at	5.585184138	5.692494501	5.585184138	5.630073016	5.485801512	5.784070939	5.629535711	5.506871625	5.55382713
10073_at	5.885571821	5.820999982	5.471378296	5.632543289	5.840067349	5.845753353	5.647112098	5.628294042	5.816266816
10391_at	5.170156306	4.985099994	5.124869035	5.653875454	5.180583528	5.422168186	5.051138322	5.243370969	5.029336595
10402_at	5.623167175	5.539036543	5.404244526	5.659418999	5.663753946	5.711089771	5.703501997	5.589940231	5.649068666
100129250_at	5.672998606	5.63501011	5.534832108	5.670848262	5.640494703	5.631087038	5.669512848	5.491185595	5.581810759
10267_at	5.698663271	4.829422251	5.299489646	5.671209705	5.465928777	5.196755299	5.115078237	5.553959336	5.462634482
100128919_at	5.799574198	5.273222956	5.556499518	5.67303861	5.993266151	5.507760304	5.57967628	5.650518412	5.664034067
10536_at	5.228604792	5.34548085	5.839216423	5.675002433	5.374896256	5.928577644	5.56344453	5.968376418	5.779876921
10268_at	5.683553936	6.061053211	6.300152292	5.678102836	6.156550132	5.909865593	5.910101127	5.649385554	5.971141091
10000_at	5.912481183	5.995402158	5.846671073	5.678344436	6.233590869	5.71086862	5.90465754	5.782830185	6.096042343
10236_at	6.008919377	5.752741168	5.860145633	5.678573261	5.901575206	5.655771728	5.955450824	5.691860811	5.837698566
10231_at	5.560989294	5.507798064	5.662283385	5.687637339	5.495393884	5.51890022	5.5141023	5.469291257	5.771498372
10229_at	5.62375828	6.016463843	5.732969051	5.688709824	5.711017977	5.803933554	5.757240688	5.626558727	5.791261869
10255_at	5.417347823	5.927317826	6.268609677	5.691221255	5.790999746	5.549404158	5.535823059	5.66661031	5.376405244
10216_at	6.567504551	6.712615548	6.435178274	5.694032883	6.180894388	6.355503149	6.425523207	6.372718431	6.391951127
10232_at	5.66447478	5.813606774	5.565573743	5.699294059	5.756277825	5.420629846	5.82501107	5.833158184	5.654752529
10193_at	5.615163593	5.591220208	5.773288534	5.700998819	5.826520414	5.924618989	5.805751087	5.691284937	6.008070512
10299_at	5.829544399	5.707103956	5.432133057	5.710328952	5.53038972	5.6203348	5.627561477	5.588862305	5.652790905
10540_at	5.560989294	5.327766761	5.756708067	5.712069595	5.562295774	5.522196683	5.390279164	5.472433027	5.733703597
10475_at	5.587906411	5.870323364	5.409564586	5.71651411	5.423729624	5.529629964	5.602910297	5.470210597	5.494284429
10052_at	5.514011791	5.884820489	5.984727556	5.720338231	5.632485887	5.481241095	5.77906871	5.628946699	5.985796149
10214_at	5.870736062	6.003863566	5.736221931	5.72476183	5.473361085	5.453846505	5.525490327	5.808934363	5.671592599
10263_at	5.753973368	5.807358262	5.779544345	5.727449368	6.057691815	6.621811246	5.829715987	6.009522004	6.096442466
10274_at	5.977308294	5.523497085	5.695744849	5.728396208	6.029768822	5.931762409	5.962096178	5.906158013	6.008616724
10437_at	6.09395386	6.493096633	5.911733906	5.732770772	6.103037611	5.856130993	5.994994145	5.755423169	6.090048161
10418_at	5.883315543	5.734438237	5.684882169	5.733890743	5.626462197	5.640351516	5.714029011	5.718925901	5.711169869
10001_at	5.798848605	5.744809738	5.732801368	5.737061994	5.482899297	5.701851405	5.641977843	5.795652317	5.796034832
10045_at	5.811016747	5.52754007	5.882937302	5.75222603	5.98180162	5.601125329	5.909141812	5.935758312	6.151797173
10474_at	5.644179313	5.627014848	5.535264732	5.755366473	5.744692946	5.563288445	5.659664676	5.535512677	5.496000618
10101_at	5.711256204	5.936024507	6.02227364	5.762636142	5.711256204	5.797953145	5.964235892	5.916248667	5.868998849
10144_at	5.707951715	5.774873067	5.549177764	5.76648546	5.618179724	5.56215265	5.544302216	5.587795763	5.626201714
10346_at	5.626799138	5.526448366	5.823708679	5.768877843	6.079801663	5.826287614	5.796495517	6.296244041	6.036521134
10079_at	5.648941296	6.170728033	6.040127326	5.773080354	6.069725647	6.19777769	6.000965354	6.026756506	6.099837489
100132430_at	6.262157856	5.956369186	5.497036402	5.776462172	5.923186824	6.041465055	6.343967035	5.844596708	6.236598402
10256_at	6.437544776	6.072264612	5.800322805	5.782442069	5.525746964	5.767300585	6.059869233	5.902589896	5.91442273
10485_at	5.978985147	5.986067453	5.800661426	5.787501104	5.757501152	5.927036823	5.837314444	5.882094288	5.920258142
100127886_at	5.762495237	5.809645567	5.54182955	5.796833805	5.428336176	5.311635862	5.49866007	5.621463709	5.642967518
10413_at	5.778413229	5.744046822	5.95524191	5.799735774	5.795159111	5.800821016	5.783039047	5.92018612	5.785719415
10294_at	5.901990389	6.071144596	6.081781353	5.802566321	5.952507713	5.818753194	6.037097235	5.889935019	5.859157285
10125_at	6.064091644	5.872404823	5.776435727	5.806816541	5.999866429	5.695487443	5.603660446	5.905903759	6.130588803
10301_at	6.115116288	5.956298454	5.95524191	5.806816541	6.1897477	5.536704364	5.648360128	5.931865858	5.851041808
10038_at	5.742209922	5.828120994	5.802555629	5.809802964	5.907689061	5.844842321	5.83933269	5.839261015	5.742119277
10067_at	5.457993328	5.890310344	5.637402543	5.812472088	6.176175355	6.08097423	5.814409199	6.120399666	6.034301405
10055_at	5.770607746	5.600976433	5.788705519	5.813926952	5.817553527	4.771220457	5.118514089	5.639788793	5.601125329
10048_at	5.718990216	5.778788883	5.853544864	5.815730797	5.874022809	5.818550199	5.8308835	5.827444166	5.937278006
10114_at	5.855835328	5.811849881	5.847020825	5.817269053	5.776945485	5.818815737	5.684388019	5.720985112	5.796999198
1000_at	5.800958058	5.710882219	6.02440653	5.834484732	5.633735196	5.739121656	5.805568892	5.804741741	5.715901503
10436_at	5.979971494	6.363463162	5.791306329	5.836306767	5.408564806	5.603619282	5.675328662	5.279925932	5.740952377
10137_at	5.733912115	5.710144755	5.76633747	5.844038242	5.821563668	6.021881776	5.832945188	5.599194767	5.638783466
10484_at	5.603866053	6.03010183	5.875697024	5.846966819	5.762950807	6.013710103	5.930293075	5.653946548	5.652325844
10004_at	5.538458517	5.868182909	5.938965633	5.849004227	5.976447554	5.817982813	5.758423366	5.768074576	5.767469497
10499_at	5.990379782	6.160447812	6.343119457	5.85200284	5.858059161	6.244339773	5.978377511	6.027192326	6.052060711
100129668_at	5.911474656	5.294239163	5.752344814	5.85630195	5.792313841	5.504616135	5.766253207	5.636151993	5.661114406
10190_at	5.642732982	5.5286131	5.692314062	5.857423517	5.522343668	5.542638038	5.681951723	5.529334558	5.635197647
10021_at	5.803974628	5.809645567	5.548173062	5.862070974	5.637557253	5.454198399	5.774085457	5.982638287	5.774085457
10321_at	5.722476306	5.7047486	5.693553361	5.868411679	5.584659038	5.81976129	5.454489708	5.681753979	5.619510232
10462_at	5.653871195	5.348207018	5.55081374	5.876991987	5.817014041	5.698127818	5.82611549	5.67275558	5.628537028
10534_at	6.09395386	5.74973698	6.136738387	5.885124951	5.863316775	5.706184998	5.791507023	5.312073964	5.769006032
10147_at	5.797254934	5.808912241	5.903459778	5.885724637	5.874402717	6.133243416	5.922574372	5.936444834	5.82382661
10514_at	5.586036522	5.840471147	5.749787488	5.89887195	5.79522608	5.580219347	5.713877747	5.598926567	5.528646886
10307_at	6.088033226	6.364697463	6.644497312	5.93526181	6.522440351	6.455399852	6.100204549	6.479349644	6.118149853
10039_at	5.816052775	5.809645567	4.929148531	5.945997771	5.177158735	5.314578211	5.151205345	5.352548735	5.37277423
10042_at	5.734444358	5.863365169	5.717521151	5.94792316	5.786849517	5.950032174	5.995247606	6.056576814	5.859055597
10262_at	5.961905982	6.059112763	6.071359539	5.954640164	5.900484844	5.764244108	5.627872731	5.45716673	6.047814886
10276_at	5.896492951	6.116448571	5.946772757	5.954890412	6.19108266	6.046590414	6.062259159	6.351248389	6.142581427
10003_at	6.069641733	5.960860701	5.949509462	5.957014347	5.996153257	5.693225909	6.07538685	6.163122856	5.930511053
10404_at	6.238712724	6.086278057	6.386444445	5.96353962	5.973105177	6.35425052	5.921100132	6.254712302	5.940216108
10270_at	6.154784982	6.201267242	5.640401535	5.964240538	5.87156003	5.574159472	5.838836186	5.786664177	5.812266311
10461_at	5.813011382	5.515700925	5.76535024	5.967842833	5.374105506	5.491947629	5.699636082	5.550403454	5.424610132
10151_at	5.976912926	5.625429455	5.8870831	5.982410482	5.835826426	5.954034437	5.962380275	6.014435395	5.938475593
10020_at	6.100082147	5.866915561	6.318144779	5.985050558	5.93239219	5.852905982	5.794702842	5.925174339	6.149882075
10287_at	6.003343617	6.222307618	6.373999687	5.98688975	6.197080993	6.443200521	6.460885779	6.136068251	6.180305779
10160_at	6.263699305	6.108059073	5.903492111	5.987656606	5.99232851	6.117485314	6.18243829	6.061422114	6.091879076
10300_at	6.116029572	5.774694044	5.863250293	5.989058691	5.944288395	5.753137936	5.926112712	5.866110194	5.985717062
10059_at	6.363886614	6.345701815	6.316839009	5.989207434	6.066006254	6.20113309	6.145916637	5.976901042	6.005655322
1031_at	5.841868661	5.795228144	5.803345865	5.996322224	5.730303956	5.687766506	5.829364897	5.983926705	5.550520557
10102_at	5.84660016	6.147477198	6.072393402	5.997892311	5.886224387	6.423643311	5.624506427	6.014435395	6.056674968
10046_at	6.609558262	5.94584037	6.093755244	6.00058263	5.731362001	5.885850849	5.812656821	5.817937938	5.590106039
10060_at	5.932994396	6.003566307	5.878672273	6.006882488	5.893722961	5.935652614	6.044164296	6.028565417	6.073313446
10446_at	6.022486647	5.673424074	6.052957112	6.011824926	5.672078871	5.610039417	5.391846426	5.823703587	5.596431461
100128062_at	5.651548412	6.028559378	5.725254634	6.017835225	5.912106191	6.085469941	6.044164296	6.014435395	5.696046547
10126_at	5.964777317	6.027409937	5.943551676	6.020305929	5.634847005	5.784111868	5.86726666	5.876773195	6.109487016
10085_at	6.500370346	6.321643609	6.17210635	6.026704038	6.289485952	6.07681231	6.080694742	6.133913723	6.159406966
10513_at	6.207976287	6.345834261	6.258787703	6.035597344	6.160146881	6.269822311	6.29137131	6.317392711	6.308661752
10154_at	6.202670098	6.139270961	5.913850322	6.04541895	5.952368448	5.97766279	5.905544633	5.923486118	5.92106325
10092_at	6.170434468	5.992555812	6.054122302	6.046376838	5.930588348	6.047196687	6.0239492	5.921446369	6.150975246
1008_at	6.29947781	5.87767531	6.604325769	6.048075325	6.120854152	6.292800797	6.344338495	6.370441139	6.546762227
10501_at	6.133908858	5.889977292	6.028577358	6.053659128	5.736052231	5.797629949	5.892285639	5.894691727	5.745918589
10130_at	5.842292832	6.008277182	6.026155493	6.056827155	6.056827155	6.051067445	6.062054322	6.162998192	6.102919508
10111_at	6.010098412	6.000593035	6.212730038	6.058120804	6.105699356	6.089373891	6.071102729	6.082061077	5.915065487
10439_at	6.224313855	6.066169181	6.365735277	6.077051694	6.359878213	6.485004852	6.294495719	6.334335946	6.399052703
10164_at	6.54263021	5.541272702	6.120381679	6.078566746	6.088149072	5.797371273	6.065673186	5.841533407	5.591770469
10407_at	5.412190824	5.815076072	5.596312062	6.079024899	5.669135382	5.428620183	5.516090173	5.103248719	5.257388927
10103_at	6.143593315	6.122086179	5.976753168	6.088488347	6.151169623	5.592786975	5.692725336	5.582159907	5.65024246
10363_at	5.733949065	5.551275297	5.750339059	6.088843406	5.645769623	5.962359045	5.681060857	5.617007843	5.65834413
10284_at	5.721547059	5.716776055	5.696224812	6.09544015	5.511672247	5.6122037	5.717530746	5.782550728	5.760058618
10174_at	6.406537326	6.147104296	6.050651176	6.107493666	6.089344266	6.250855787	5.88189015	6.193278157	6.260648578
10218_at	5.764416126	5.80750847	6.017792245	6.10752424	5.992807343	5.632477053	6.053349097	5.770302483	5.862983371
10311_at	6.156027495	6.073713604	6.368875635	6.109337088	6.289397628	6.279284644	6.292698882	6.207734738	6.219567571
1048_at	6.00935175	5.653861188	5.647750767	6.110910463	5.753957026	6.078275532	5.766861634	5.870459242	5.785705965
1044_at	5.82743437	5.829728422	6.126169985	6.114931029	6.33235808	5.987037768	6.105768823	6.037684145	6.107949991
10314_at	6.5998035	6.277955571	6.637355094	6.118386019	6.348044056	6.709328705	6.610299357	6.736502523	6.558166856
10152_at	6.117303357	6.231557724	6.160632642	6.120352278	6.189202438	6.284468597	6.390705621	6.048404771	6.411462145
10161_at	5.64876265	5.602112605	5.77036043	6.127165083	5.325787231	5.125159493	5.766393671	5.478965908	5.701801359
10423_at	6.486905763	5.918224766	6.53373582	6.127764622	6.235238807	6.4019282	6.419355215	6.26500206	6.510497237
10053_at	6.027281045	6.096721586	6.08333242	6.135855844	6.059960841	6.167830091	6.093549037	5.978680778	6.170465692
10146_at	6.255151454	5.942296822	5.949308372	6.136080106	5.956007102	5.799308976	5.89311695	5.97612904	6.03675442
10328_at	6.508660243	6.485195418	6.236870413	6.143009273	5.894682146	6.143935827	5.853006623	6.040513462	6.190539231
1022_at	6.42626111	6.293239357	5.368952536	6.147010909	5.945058801	6.451478062	5.958074344	6.164327448	5.828549144
1053_at	5.848289818	6.014596217	5.934800604	6.149483886	6.251140007	5.900168714	5.778552108	5.567051658	6.235778353
10312_at	6.176457692	6.058232675	6.575552729	6.160705665	6.398128465	6.089397064	6.175697629	6.174356977	6.031128126
10113_at	5.861191327	5.832163844	5.49035851	6.165142627	5.801227366	5.971706792	5.735458198	5.941784537	5.913496587
10002_at	6.34494273	6.229280304	6.280549244	6.181865634	6.292106242	6.471445236	6.343860216	6.294819853	6.42693247
100132302_at	6.619827286	6.272346915	6.77149791	6.190896718	6.414927707	6.540211255	6.433774489	6.71421129	6.670634822
10066_at	6.421781236	6.376922479	5.93899926	6.191992536	6.141621029	6.283029938	6.11347351	6.214140104	6.426610598
10500_at	6.431882169	6.400554047	6.350250482	6.195609275	6.764340682	6.361066261	6.451476426	6.483601192	6.446582763
10249_at	6.322669945	6.107521374	6.001863482	6.198775884	6.033672694	5.937429855	5.848595561	6.085470288	5.855203544
100129656_at	6.430559456	6.38578083	6.082518416	6.199681721	6.211267046	6.211137633	6.294302921	6.28366336	6.216747207
10171_at	6.329807285	6.103783557	5.601407321	6.201502209	6.548100584	6.398475369	6.294655015	6.355960468	6.154530265
10488_at	6.538516873	6.26837239	6.479046202	6.204233145	6.546406743	6.417089468	6.408042318	6.277718469	6.282444004
10277_at	6.366129208	6.352989302	6.518534849	6.219811163	6.401373438	6.500246917	6.458531188	6.564069309	6.459384676
1010_at	6.412595427	6.398609893	6.546379091	6.219902592	6.621098042	6.359905704	6.094615045	6.38567785	6.043769615
10242_at	6.911862903	6.276723875	6.568437273	6.23680542	6.180953121	6.519302242	6.542829742	6.778647301	6.518180242
10022_at	6.131045059	5.925325624	6.659959678	6.245516787	6.069112574	6.314330886	6.290948297	6.519088697	6.24785865
10327_at	6.568172436	6.505184476	6.236488389	6.250462832	6.480002737	6.399943536	6.316172505	6.238234798	6.484324257
10526_at	6.239733358	6.391896354	6.562071666	6.253305485	6.415737552	6.223214603	6.180718468	6.143641024	6.122525592
10309_at	6.26780771	6.135848568	6.233251971	6.258909478	6.074250732	6.138988129	6.178231132	6.109814954	6.259795806
10121_at	6.197951023	5.937561821	6.052184462	6.261033716	6.016500613	6.02502831	6.122819972	6.17187247	6.109487016
1013_at	6.369996786	6.543769736	6.509817677	6.266828083	6.661698462	6.279767228	6.458133211	6.355585989	6.428693625
10495_at	6.309022359	6.128228358	6.254018104	6.273708662	6.394276187	6.38854685	6.322376399	6.133720023	6.280841409
10396_at	6.393292753	6.279422575	6.235335107	6.276381247	6.320506517	6.31000833	6.346196074	6.653792346	6.219556519
10188_at	6.331032181	6.433563531	6.436518313	6.283137359	6.545403663	6.581928225	6.568720072	6.600682562	6.561948725
10141_at	6.243099465	6.095793047	6.119760123	6.287947771	5.972842853	5.8164193	6.143938209	6.003896582	6.441476053
10331_at	6.135353676	6.213204756	6.396892754	6.288809237	6.250962176	6.056535654	6.122558566	5.991756449	6.401682146
10367_at	6.21148666	6.603987807	6.901221957	6.311093382	6.677907155	6.788341954	6.887277326	6.726882865	6.701380758
10336_at	6.302347119	6.092747695	6.095273084	6.313824488	5.981707192	5.857435649	6.002914533	6.171709383	6.077386321
100129410_at	6.157148085	6.477775391	6.471440517	6.325151469	6.278681583	6.153134971	6.198333604	6.22381383	5.980456632
10487_at	6.096632502	6.120511051	6.630282641	6.341340972	6.590017159	6.170726788	6.540581951	6.344429514	6.391951127
10006_at	6.266034518	5.930671906	6.265564276	6.344692844	6.036881963	6.085172707	6.172208637	6.069299727	6.06844764
1009_at	6.355088475	6.213931137	6.341001582	6.376776241	6.230864486	6.260734989	6.111426653	6.136835245	6.215368009
10135_at	6.613616589	6.061439692	6.338369211	6.384611701	6.349235809	6.085607298	6.122436225	6.317690859	6.418722071
10159_at	6.563896804	6.266026557	6.703546103	6.3959404	6.612851927	6.254273585	6.465936912	6.663585102	6.491862659
100129973_at	5.982887088	6.414979017	6.463508136	6.40021547	6.527007486	6.487323493	6.654110876	6.49714738	6.173985571
10089_at	6.203762736	6.211514616	6.126421049	6.400652518	6.108424693	6.015334627	6.063365117	6.085490198	6.141447275
100130862_at	6.782947241	7.106572457	6.448269969	6.40186797	6.460402693	6.606458947	6.838693047	6.812749334	6.478022778
10093_at	6.53125639	6.610286993	6.654850373	6.413070834	6.360660537	6.336421487	6.441569526	6.422350602	6.52958132
10025_at	6.50908095	6.342524138	6.49508402	6.413083152	6.310645438	6.294404008	6.303511311	6.41296377	6.390584673
1033_at	5.788655359	5.949949972	6.1330888	6.428962671	6.209337383	6.31602645	5.734736704	6.023437844	6.146425168
1040_at	7.045277616	6.539265508	6.568878455	6.43848793	6.714224146	6.574235962	6.781398399	6.516879129	6.322273905
100129015_at	6.828408478	6.633523245	6.571435445	6.448230936	6.74703378	6.532057998	6.710108914	6.693535166	6.488259979
10099_at	6.676548156	6.873588073	6.823238138	6.462206652	7.010140786	6.793009674	6.841253597	6.857647634	6.651733602
10110_at	6.616514527	6.607792896	6.816386925	6.471820524	6.432378536	6.511880225	6.410376048	6.462058976	6.450838748
10024_at	6.602926145	6.770671585	6.985388927	6.477607261	6.850958124	7.03496328	6.646575968	6.699647597	6.688904628
10398_at	6.092956071	6.678756877	6.416499071	6.486582742	6.269436681	6.766750959	6.35477131	6.471147472	6.491135
10537_at	5.848075333	6.34324113	5.956132525	6.494610954	6.29926679	6.139115203	6.24347217	6.186533052	5.893425517
10322_at	6.632107442	6.74317702	6.296044101	6.496513	6.745426975	6.365478977	6.633625184	6.528691412	6.740483739
10105_at	6.861271934	6.302780735	6.67489848	6.500799925	6.48060003	6.638644478	6.434507501	6.511732492	6.545026548
1036_at	6.782854027	6.500461585	6.416499071	6.505788522	6.960357774	6.606981775	6.572120881	6.435070041	6.084176475
100133233_at	6.359492062	6.683735553	6.575611668	6.514419932	6.865177964	6.990412394	6.752329643	6.79885676	6.772828909
10138_at	6.502821138	6.628176335	6.192629221	6.516792049	6.191399082	6.398302197	6.314639859	6.128032135	6.513503875
10087_at	6.11621292	6.219064187	5.861137054	6.5176973	6.337545211	6.21150469	6.195105901	5.945029429	6.109487016
10181_at	6.528004971	6.098734083	6.194872994	6.524656021	6.365536863	6.187284345	6.254057748	6.388251999	6.414198391
10479_at	6.503318108	6.235398829	6.343598581	6.540619146	6.278168144	6.414553855	6.220069083	6.574764354	6.240285287
10010_at	6.543693165	6.806028528	6.573408395	6.547362513	6.684875807	6.766913242	6.713207409	6.665357369	6.6558791
10009_at	6.88529463	6.826624074	6.662225248	6.552701357	6.673161306	6.66142386	6.54239546	6.685654913	6.623037268
10265_at	6.353045747	6.364823614	6.493888553	6.556123389	6.572882651	6.542674256	6.68471183	6.886837814	6.546298876
10195_at	6.87103286	6.61773987	6.52561192	6.558081649	6.135129587	6.083931158	6.284988077	6.406765104	6.485473197
10208_at	6.479393256	6.599917765	6.33575181	6.580539354	6.426413623	6.917129742	6.373005584	6.454548378	6.660963706
1017_at	6.359475395	6.679634271	6.444276018	6.59557281	6.408405454	6.561704027	6.540293986	6.473750558	6.499323305
10478_at	6.025684907	6.246637825	5.94672936	6.612954974	6.144187286	6.133835722	6.182840782	6.253083051	6.247330695
1007_at	7.293687484	6.401378807	6.938532627	6.615664968	6.864142153	7.072116602	6.988422987	7.274341854	7.028584403
1050_at	6.061110396	6.875582305	6.600859275	6.615945682	6.392876183	6.502065411	6.666896654	6.62560673	6.858254922
10523_at	6.717491267	6.968065346	6.960567618	6.616011417	6.891635119	6.852030193	6.832101909	6.765510356	6.867071521
10494_at	6.184353388	5.853322198	5.78641983	6.625510603	5.804507431	6.102736909	5.985054482	6.169010841	6.173092355
10201_at	6.465523834	6.633897644	6.682011448	6.630575975	6.59715744	6.591435336	6.606427437	6.605834911	6.793025998
10206_at	6.582987651	6.565780805	6.26280348	6.641158998	6.268846562	6.239727055	6.130005037	6.149767178	6.364863536
10016_at	5.895923472	6.339962048	6.17010381	6.645995305	5.997892311	5.705354349	5.727083423	6.067259336	5.775565247
10281_at	6.60002278	6.426387969	6.696624808	6.645996588	6.599053466	6.601672568	6.695386331	6.697139345	6.651182723
10043_at	6.959223037	6.991237988	6.870737239	6.657288718	7.321130576	7.067463819	7.040082372	6.559452741	6.770667033
10468_at	6.412962011	6.353901497	6.374841952	6.666599288	6.410089113	6.009015089	6.351336327	6.313928444	6.428056825
10017_at	6.397711608	6.39521067	6.326714971	6.669613939	6.454323922	6.304218316	6.507773633	6.432263895	6.608383643
10153_at	6.53994703	6.706649057	6.68817853	6.679226906	6.782673323	7.172310436	7.000033122	6.396420153	7.091439026
10295_at	6.607951457	6.398070432	6.265031947	6.684820877	6.279319914	6.269132435	6.394386961	6.401896081	6.335542658
10390_at	6.870588191	6.996616777	6.70612299	6.697039689	6.605632325	6.631403776	6.661870271	6.828056826	6.508257566
10406_at	6.911516546	6.142150927	6.545821723	6.698194134	6.078139479	6.365719971	6.179068658	6.192409767	6.438049121
10489_at	6.849243232	6.449760023	6.585479166	6.712861525	6.675372291	6.597800947	6.403312783	6.34749928	6.52130475
10456_at	7.135909549	7.0342258	7.066052652	6.732184811	6.532141583	6.750583502	6.961143367	6.713750931	6.742804086
10422_at	6.206945892	6.516385026	6.38213834	6.745573115	6.340639038	6.530657623	6.54834127	6.56636252	6.428507072
10069_at	7.00402894	6.153441734	6.874939782	6.746103197	6.68825679	6.777741006	6.760540564	6.341896658	6.6158851
1047_at	6.850922471	6.546237514	6.553875446	6.748605412	6.491757398	6.457819724	6.804631501	6.533995594	6.70350839
10148_at	6.28047015	6.705704657	6.7881661	6.767865722	6.711263683	6.460454929	6.781752835	6.748636276	6.551683746
100130624_at	6.473238727	6.620162774	6.209295591	6.775714535	6.179246304	6.460777542	6.267955913	6.682772776	6.222978716
10529_at	6.700530948	6.802940834	6.887636335	6.779957341	6.730557742	6.695503243	6.71494302	6.7555904	6.765088709
10097_at	6.528524015	6.738360581	6.595308736	6.785958778	6.477043975	6.575518696	6.695236655	6.585644025	6.386656856
10352_at	6.697445695	6.926685365	7.011675289	6.796285132	6.760814444	6.573819343	6.73424055	6.786912307	6.648816669
10435_at	6.55262316	6.735508526	6.711867015	6.808014546	6.366016896	6.564149101	6.323084887	6.724452196	6.666403754
10483_at	6.939237773	7.00442525	6.824851764	6.812282062	6.713995343	6.693638514	6.712898837	6.831041523	6.869656565
1041_at	6.951853356	7.00807567	6.72147395	6.814775735	7.09978552	6.896215487	7.003770629	7.059005564	6.868995217
100133166_at	7.004204598	6.922322199	6.783787446	6.820204215	6.731944575	6.903150085	6.970912878	6.81041953	6.81659185
100129128_at	6.58236432	6.795834061	6.659550119	6.83593529	7.334352843	6.893644625	7.046795081	6.85445985	6.779204505
10184_at	6.38371564	6.390727792	6.160955139	6.841832379	6.651262469	6.529428032	6.972151385	6.395228173	6.611912364
10444_at	6.600909633	6.788090624	7.033865394	6.843526387	6.706350147	6.788822408	6.735613261	6.910121198	6.821134365
10116_at	7.305206049	6.832628849	7.040374478	6.8524739	6.800679531	6.925117784	7.263791609	6.85445985	7.003914799
100129271_at	6.667275488	6.414143022	6.453780333	6.852976174	6.533749155	6.242189233	6.250343864	6.596395065	6.446397744
10293_at	7.556144524	7.543367821	7.508943511	6.867642086	7.299419022	7.597237091	7.461624613	6.648937228	7.423116397
10319_at	6.939365719	6.518591066	7.076611511	6.885375705	6.682471147	6.726345106	6.82865339	6.810485072	6.627232637
10466_at	6.686753673	6.649306217	6.652204249	6.886902925	6.836888873	6.739415152	6.636850186	6.797525438	6.703972129
10493_at	6.457363406	6.388653801	6.605695925	6.889578545	6.534490642	6.216891481	6.683095869	6.238249634	6.357434718
10324_at	6.865824679	7.04148856	7.134524644	6.90710248	6.924306712	7.141971256	7.066400275	7.252319648	6.926772744
10481_at	6.756948084	6.728991393	6.745746358	6.948836633	6.720856855	6.547335169	6.678699472	6.529426744	6.915566351
10127_at	6.632468337	6.576438789	6.76211605	6.949486272	6.475070152	6.651203268	6.558784017	6.511467174	6.445124711
10223_at	6.369248274	6.59918617	6.842890949	6.952663994	6.95320734	6.719096076	6.720581358	6.814564603	6.679280979
10136_at	7.139386746	7.169157372	7.101595669	6.977402372	7.372353609	7.340329197	7.302761054	7.394259781	7.206821081
10388_at	7.093072456	7.428596275	7.192353828	6.977759595	7.160555936	7.161734103	6.977364558	7.247938717	7.23557617
10198_at	6.870208016	6.893980004	6.752760577	7.019924301	6.957379094	6.751553739	7.025298364	7.061085069	6.676916695
10519_at	7.301331525	7.13502307	7.489427202	7.030162102	7.339941609	7.011268217	7.162224426	7.316205264	7.419397267
1003_at	6.926463126	6.819541528	6.740622722	7.046048887	6.603677947	6.443240063	6.612018561	6.435039953	6.892019803
10120_at	6.803135402	7.028931918	7.065667543	7.059520155	6.835331765	6.956519934	6.994572772	6.826699729	6.807254687
10286_at	6.666142965	6.705651098	6.708557734	7.064022001	6.711543473	6.29915701	6.487137219	6.378808513	6.152328886
10279_at	6.997783944	6.681872843	7.329606985	7.085376836	7.020425234	6.914509331	7.003609934	6.885520852	6.878316637
10434_at	6.941838456	7.034540285	7.379432846	7.085550037	7.257444536	7.231762955	7.353321064	7.188313939	7.280765762
100048912_at	6.764895675	7.252244901	6.902136601	7.100800877	6.608571268	6.526737821	6.586986624	6.697261298	6.631378216
100131298_at	7.014951857	7.249359265	7.291781963	7.125218823	7.38153112	7.305791075	7.267085001	7.13755529	6.980016433
10100_at	6.024894756	6.293293811	6.755317154	7.132298504	6.615020631	6.468960819	6.650257687	6.52575316	6.340816179
10465_at	6.46011044	6.262916112	6.526913142	7.137633882	6.948218842	6.958948337	6.714025644	6.637878104	6.816848313
100131164_at	6.831205824	6.958207689	6.747962085	7.160944134	6.755929599	6.419638903	6.673365236	6.773173513	6.973826396
10368_at	7.027415883	6.72778402	6.771914266	7.203346006	6.637304277	7.017130353	6.758013505	6.845172047	6.886354081
10155_at	7.335916338	7.345925694	7.025643659	7.266098985	7.302060533	7.083559866	6.922484879	7.088146639	7.315963379
10342_at	7.032175685	7.213117313	6.960823048	7.285787442	6.974425075	7.251771497	7.048560656	7.12336537	7.040042368
10106_at	7.312502903	7.22928454	7.285174107	7.305438122	7.191515484	7.311755628	7.340226438	7.428234033	7.40718302
103910_at	6.643911426	5.978586939	6.161740409	7.335034712	6.390835156	6.557823889	6.497426158	6.28661843	6.190582331
10205_at	7.207932775	7.336181735	7.354344515	7.33662301	7.417517171	7.29306053	7.331282908	7.107035208	7.400328288
100130130_at	7.295019971	6.960888101	7.270702008	7.35122598	7.306548128	7.335139398	7.353301539	7.545264662	7.1013415
10313_at	6.588483752	7.045816551	6.562639587	7.381341167	7.091224089	7.239008547	6.893225421	6.66535008	6.394517489
10245_at	6.950075847	7.605017547	7.41742884	7.398076376	7.294767083	7.318147382	6.980697454	6.914521973	7.250083969
10522_at	7.087457029	7.380000268	7.213615632	7.414257053	7.672250598	7.497419823	7.210240519	7.223807785	7.040077849
10329_at	7.703939137	7.449417679	7.428211589	7.474152945	7.334457368	7.50987239	7.506746005	7.517988635	7.429311172
1045_at	7.281131439	7.49727914	7.800161532	7.49727914	7.347638573	7.209822702	7.511632811	7.449210039	7.602314601
10308_at	7.517357782	7.822861255	7.17540876	7.558145388	7.065378671	7.269382722	7.151413933	7.232127768	7.44180082
10528_at	7.528619312	7.348749283	7.418383738	7.591993532	7.327453058	7.18634122	7.098953263	7.463647486	7.297534511
10212_at	7.133989687	7.6284788	6.977280819	7.618626698	7.425216627	7.274548106	7.215671823	7.61402092	7.240346792
10389_at	6.876914161	6.92194956	7.682346155	7.646929295	7.563413618	7.595760787	7.373939192	7.472802168	7.421920067
100131005_at	7.390090601	7.845096939	7.74870846	7.649947088	7.431283929	7.47816873	7.693270352	7.700436304	7.734574656
100132129_at	7.579999223	7.804639433	8.17638902	7.678495845	7.78164685	7.892896686	7.850588989	7.768072292	7.884609205
10471_at	7.498323606	7.8511216	7.705974083	7.72884774	7.856551402	7.605914997	7.647467254	7.709410453	7.884632636
10362_at	7.310242667	7.292231929	7.369189575	7.754236183	7.394355086	7.362635592	7.140150056	7.232766598	7.477413238
10421_at	7.56140638	7.455862528	7.798640317	7.758462583	7.615257133	7.46961795	7.657659233	7.575238781	7.554511738
10019_at	7.905924218	7.738190778	7.613756578	7.883799718	7.597605646	7.30200704	7.706841439	7.647337635	7.847251425
10169_at	7.766074449	8.063102039	8.291546498	7.903253332	7.993779533	7.873625554	7.90872774	8.129837746	7.761424119
10302_at	8.195679527	8.280351618	8.426386201	8.480162045	8.410497565	8.472983619	8.399947324	8.593339088	8.627190828
10498_at	8.652034993	8.521154296	8.347129515	8.656967707	8.421768077	8.62698536	8.621301101	8.635690039	8.870912427
10539_at	8.708189032	8.866635184	8.822925638	8.734548765	8.363209645	8.476029548	8.208292046	8.49245602	8.297982066
10086_at	10.33319637	10.04092527	10.65398552	10.52610802	10.7213564	10.45323661	10.20883966	9.894566342	10.4478133

