CPCG	outcome	Uncollapsed.coverage	Collapsed.coverage	Maksed.coverage	Clusters	Unique.start.points	Average.reads.start	X..Bases...0x	X..Bases....8x	X..Bases....20x	X..Bases....30x	X..Bases....50x	X..Bases...0.quality	X..Bases....50.quality	X..Bases....100.quality	X..Bases.max.quality	prediction	yes.votes
CPCG0003P	0	10.3872	9.33097	10.1040795619812	170827981	267881145	1.09467	96.3075088339849	68.4279211302647	3.72151901740894	0.193871623662025	0.0453715257192967	96.3075061763478	75.430791575412	0.992556114834728	0.0137304577312885	0	0.35434
CPCG0003P	0	10.4732	9.39185	10.1699963298084	172544436	269637405	1.0951	96.309622898011	68.7943010480471	3.88316396102223	0.200800290670395	0.0460315171040586	96.3096196881376	75.6514573237426	1.03866618754969	0.0138012130047308	0	0.37578
CPCG0003P	0	10.5621	9.37446	10.1511691163384	184078491	278470852	1.09359	96.2155136212949	68.2254006580952	4.11894917938874	0.207827911517281	0.0430286978139386	96.2155106875397	74.6290131459629	1.09963272777193	0.012773018079929	0	0.29633
CPCG0003P	0	10.7005	9.51665	10.3044711492465	185191995	281500949	1.09481	96.2472415974676	69.2437863479051	4.42401720218499	0.223697732599322	0.0448825550076597	96.2472387672567	75.6777019042826	1.20216429806135	0.0132678908168141	0	0.33414
CPCG0003P	0	10.7093	9.50392	10.2913584170685	183917378	279326580	1.09501	96.246833840004	69.1740021129326	4.38407840441966	0.221774707811465	0.045267705298558	96.2468306991601	75.4308916682379	1.18236096698267	0.0133359539383888	0	0.32623
CPCG0003P	0	10.8502	9.66309	10.4630368733563	186004120	283368936	1.09655	96.2732698394447	70.2466747690337	4.76700007677845	0.240656943289	0.0468690869677768	96.2732670092337	76.5236579591273	1.30902595302636	0.0137957251566931	0	0.41507
CPCG0005P	1	11.8266	10.5864	11.4635254777018	201788340	310895005	1.09868	96.3209501960233	75.5306044174629	7.61624304403569	0.276538323042249	0.0527819153381213	96.3209470206647	80.3482795936545	2.00695389937432	0.0141496050682067	1	0.99925
CPCG0005P	1	12.1534	10.9001	11.803228175874	205077931	317098787	1.10083	96.3696607148685	77.1643024706112	8.70937180901375	0.323344662162651	0.0567069001871825	96.3696575049951	81.7101472415963	2.38883871360166	0.0153222788099007	1	0.99702
CPCG0005P	1	12.3528	11.1008	12.0205545629964	205740748	320172045	1.10201	96.4046925481337	78.1744571822042	9.43536371284262	0.357393100671303	0.059340756612377	96.4046893382603	82.5098675554575	2.64530901181302	0.0163391528909517	1	0.99669
CPCG0005P	1	12.5809	11.2654	12.1987584777357	210974925	326495223	1.10389	96.395194774404	78.7082795236171	10.2688533097726	0.406303908712482	0.0601315934808558	96.3951915645306	82.9000686338923	2.98050853020969	0.0166162029299374	1	0.9962
CPCG0005P	1	12.5986	11.2601	12.1922025491008	213369792	327232260	1.10416	96.3845409630506	78.5442250350528	10.3491936793063	0.412621974968429	0.0600271863090691	96.3845382018692	82.6157904432603	2.98954715398687	0.0165901442804502	1	0.99602
CPCG0005P	1	12.7703	11.4342	12.380795972763	213269471	330080077	1.10539	96.4075076416032	79.3237360551395	11.0673085193446	0.455448968480906	0.0626584541266988	96.4075045007593	83.3544977600221	3.30274916850327	0.017417394228676	1	0.9991
CPCG0007P	1	9.67101	8.83323	9.5644818736098	159992630	257024726	1.07882	96.4891369306157	65.9994857292735	2.08539171137736	0.144869869208397	0.0386447701009939	96.4891337207423	73.464258714135	0.539035037723901	0.0119397625621524	1	0.85217
CPCG0007P	1	9.71188	8.87869	9.61369841622297	160960800	258541820	1.07931	96.4931863066869	66.3751324479612	2.15527952516717	0.147284591374526	0.0387939084115031	96.4931830622988	73.671878363545	0.553253361694265	0.0119163270349977	1	0.85111
CPCG0007P	1	9.87106	9.02508	9.77221326009276	163432832	262465388	1.08036	96.5079561421277	67.5332538317647	2.38619336375888	0.155696219884709	0.0403886977601231	96.5079531738577	74.582974622361	0.605461641595991	0.0122565045838008	1	0.79978
CPCG0007P	1	9.88827	9.04425	9.79296541973345	163478524	262793652	1.08031	96.5159887639756	67.6963790447279	2.40832078122415	0.15656999573957	0.0406623998666581	96.5159855541022	74.7760527515175	0.61266297526787	0.0123485554688108	1	0.81244
CPCG0007P	1	9.93709	9.08766	9.83997263238486	164144525	263868731	1.08065	96.5186846089233	68.0325591276702	2.47870467576771	0.160098992660727	0.0411399461902418	96.5186813990499	74.9743665983348	0.628226753906198	0.0123989815441762	1	0.80503
CPCG0007P	1	9.94826	9.09801	9.85118111779683	164402600	264162177	1.08084	96.5205191378472	68.1070318831791	2.49159338734841	0.160239226161213	0.0413211832345565	96.520516342151	75.3990783025303	0.64092180312627	0.012623500106977	1	0.79872
CPCG0040P	1	10.8218	9.86128	10.6783272137462	180010247	287023379	1.09173	96.0789611897961	69.2504959496839	6.64623080185129	0.279622804272351	0.0481118256875624	96.0789581179818	74.5898157254042	1.86240349885421	0.0128748021293832	1	0.53782
CPCG0040P	1	11.0429	10.0654	10.8993624929045	183388037	292180762	1.09342	96.1114766549048	70.415640087752	7.33409852181786	0.318054997920111	0.050454619078153	96.1114734450314	75.5134126807843	2.10989350324551	0.0134860931771564	1	0.7155
CPCG0040P	1	11.2577	10.2435	11.0921589594751	187148174	296976932	1.09482	96.1296224142727	71.3017559729333	8.02167386718867	0.360972868815502	0.0521421496071336	96.1296192389141	76.2977191481573	2.38872540161985	0.0140970045624868	1	0.94131
CPCG0040P	1	11.3486	10.3246	11.1799836820883	188928812	299476428	1.09553	96.1344743277186	71.6327489350074	8.37850948533478	0.385958937386908	0.0528217108650866	96.1344714629929	76.6000569492974	2.54259078566078	0.0143128254038693	1	0.97086
CPCG0040P	1	11.6606	10.6739	11.5583180761407	191684566	307588393	1.0947	96.2918689157694	74.2820845431451	9.19142089465496	0.437608526746581	0.0561499353835059	96.291866292647	79.0144040089328	2.83897737800904	0.0152692986417379	1	0.99972
CPCG0040P	1	11.7374	10.7318	11.6210123428728	193348753	309332834	1.09515	96.2922755342456	74.5100692169606	9.46191682088955	0.456719767706696	0.0571018181572926	96.292272358887	79.1562192866998	2.94442123535334	0.0154984076686206	1	0.99979
CPCG0047P	1	12.6631	11.5511	12.50737578425	208929220	331401504	1.105	96.1402894447821	74.9390322431322	15.3392331540082	1.4825019031693	0.0684149996296548	96.1402864419973	79.1609316569405	6.44549325902827	0.0200109374053923	1	0.99716
CPCG0047P	1	12.7884	11.6507	12.6152127913405	211557269	334512214	1.10586	96.1434001572355	75.1995636869505	15.8841218617909	1.60458809112256	0.0697293219773034	96.1433971544508	79.4011789099389	6.81386654269478	0.0204375054173301	1	0.99841
CPCG0047P	1	12.8387	11.6977	12.6660483109062	211992991	334891521	1.10726	96.1363068202713	75.4234315083243	16.0804319882939	1.64282085844352	0.070595746186679	96.1363039210308	79.7006582670615	6.982971301074	0.0207725747805384	1	0.99859
CPCG0047P	1	12.9699	11.8139	12.7919518780532	214087021	337712736	1.10822	96.1451020459078	75.7847403093722	16.6730581400807	1.76888880803843	0.0724355213552467	96.1450988360344	79.9554440720434	7.33609951546557	0.0211986595857306	1	0.99916
CPCG0047P	1	13.3863	12.3145	13.3339118980538	217189117	348442301	1.10975	96.2776982221782	78.834910926792	18.2164476481989	1.84693284105868	0.0775603085532826	96.2776953574525	82.4399025321327	7.85575316514388	0.0228635829419773	1	0.99999
CPCG0047P	1	13.49	12.4146	13.4423244326802	218787243	350903254	1.11079	96.2940811052796	79.1853001872912	18.7055559356993	1.93857558894255	0.0786557037304707	96.2940778954062	82.889545012242	8.23340305190971	0.0235304772802458	1	0.9999
CPCG0063P	1	11.302	9.93334	10.7556614945081	192185605	286540428	1.1046	95.2589200649467	61.8631681666259	11.6770204474736	1.60758552610895	0.0752294917870259	95.2589171657062	66.4317665219889	5.17543192445363	0.0172857894200735	0	0.36366
CPCG0063P	1	11.522	10.1943	11.0382765762251	195091161	293406597	1.10717	95.3070054868371	62.9444046958767	12.783263512553	1.89021891549411	0.0840039050187463	95.3070030708034	67.5197381939465	5.90619342400785	0.018392091263802	1	0.6183
CPCG0063P	1	11.7639	10.3971	11.2578291004302	199744084	299134024	1.10874	95.3792934575611	63.9312361568537	13.5448665800201	2.08188425167114	0.0901329684076838	95.379290799924	68.3407493908522	6.32612793922915	0.018977979442671	1	0.64088
CPCG0063P	1	11.7675	10.4217	11.2844156619156	198721009	299512261	1.10864	95.4245240939994	64.2050245848223	13.5398995598244	2.06313023855499	0.0897403974417658	95.4245216434509	68.8443055255271	6.39442941978839	0.0192843670340596	1	0.64495
CPCG0063P	1	11.8104	10.4344	11.2981901142405	199969625	300000794	1.10898	95.4055270278903	64.1256586707203	13.6728178624202	2.11606933414446	0.0915682305007672	95.405524542827	68.6229384371202	6.44137882262022	0.0191921780899795	1	0.64211
CPCG0063P	1	9.66672	8.53006	9.23620753174306	165060974	248879829	1.09233	94.6962965306183	54.1113809019658	6.86559510184256	0.699184594519063	0.0474431710961497	94.6962941836141	59.5037917072822	2.64953993556149	0.0132968487067741	0	0.30904
CPCG0098P	1	9.44417	8.72193	9.44396181566794	155812919	253969881	1.07896	96.3612036304094	65.7885263964422	1.64041687037009	0.111025033313421	0.0382708716243113	96.3612004550508	73.5218333500927	0.372129318728497	0.0117286357291544	1	0.83799
CPCG0098P	1	9.48944	8.76235	9.48773189897203	156512525	255030117	1.07933	96.3700261572271	66.1228305672543	1.69173815526099	0.112672940889274	0.0386635806492993	96.3700232579866	73.7841230106839	0.382946384932343	0.0118745986810505	1	0.846
CPCG0098P	1	9.51336	8.77764	9.50428888353472	157403534	255765132	1.07944	96.3677550855235	66.2425582575978	1.714566843773	0.113016397340992	0.0385782601439583	96.3677518756501	73.8085377908232	0.386141071815178	0.0117920738718796	1	0.84447
CPCG0098P	1	9.56887	8.83301	9.56423617298902	158158327	257238694	1.07976	96.3784552502097	66.7094475944694	1.78646776589393	0.11410033361536	0.038794874824994	96.3784520748511	74.1933113530339	0.398273185176791	0.0118770837443129	1	0.85376
CPCG0098P	1	9.64396	8.90274	9.63974366604202	159084808	258908213	1.08033	96.3853302122398	67.262913808735	1.88561271267826	0.117202451891672	0.039896413630803	96.385327347514	74.6677450658519	0.418894447216465	0.0121016713366487	1	0.85977
CPCG0098P	1	9.69401	8.94158	9.68180164016087	160217320	260069028	1.08058	96.3899117369968	67.5735188976275	1.93851142598971	0.118305026140506	0.0400136948108794	96.3899089067859	74.9281319618238	0.428653463221594	0.0121959311667808	1	0.85361
CPCG0102P	0	6.88336	4.93271	5.34105736819381	197535688	141866580	1.17808	86.0531364710488	21.9354337303629	2.84854873722309	0.503250230290208	0.0603996006507479	86.0531710449084	25.7579695194729	1.22123406733309	0.0201720956554157	0	0.15554
CPCG0102P	0	6.88386	4.94219	5.3513227676108	194943784	141708214	1.17933	86.0248838558485	21.9308297364922	2.91581612083228	0.509681712072268	0.0605455636026441	86.0249189005895	25.6784737606489	1.24158933293971	0.0201452086397778	0	0.15541
CPCG0102P	0	7.50241	5.41367	5.86182745739337	207125393	153544303	1.18416	87.4557077640045	24.7256604143374	3.89179665661846	0.753100458029707	0.0761716759111359	87.4557428462152	28.8227644835803	1.76106873709968	0.0230283319739048	0	0.17265
CPCG0102P	0	7.53928	5.52054	5.97755259508949	203440762	154579770	1.1872	87.7424122737644	25.1401130525757	4.25730573230126	0.828063219693239	0.0792880487864389	87.7424474810548	29.3401931229031	1.96729532240276	0.0238816064291056	0	0.17475
CPCG0102P	0	7.56824	5.54103	5.99973789727139	204143432	155079783	1.18754	87.794912617629	25.2547431533579	4.30712269104925	0.841921796241609	0.0795472201758426	87.7949478823383	29.4765903319684	1.99696509238707	0.0238429843873869	0	0.17636
CPCG0102P	0	7.60209	5.56288	6.02339344122782	205439107	155789114	1.18705	87.8864909264419	25.4007295062665	4.3391573654462	0.853344976278099	0.0805579851430403	87.8865268523699	29.6012457845703	2.0092550471423	0.0239929511177423	0	0.17866
CPCG0103P	0	5.21863	3.99851	4.32952044267003	120574860	114541301	1.13901	83.5592997963846	16.548930679746	0.673631448317093	0.101372598910434	0.0321046703455085	83.5593339725616	20.9740318220628	0.255079015670278	0.0142351043576869	0	0.0266
CPCG0103P	0	5.26951	4.03597	4.37008083793787	121720756	115591961	1.13927	83.7495369459959	16.8297903552277	0.700484627752953	0.105001895746041	0.0326916629969387	83.7495712741966	21.2840476030049	0.265398901150036	0.0144077127854217	0	0.03245
CPCG0103P	0	5.31645	4.08846	4.4269130788485	124033819	117027592	1.13957	83.8790089145387	17.3308377149949	0.7364642365346	0.108446366001511	0.0325756243484934	83.8790430231055	21.8054843059708	0.277554420827084	0.014329985495028	0	0.06461
CPCG0103P	0	8.44169	6.29663	6.8178892416119	195457062	177873471	1.1596	90.2964608577736	34.341491595723	3.5177800358865	0.64042154608565	0.0744249870706041	90.2964971102811	39.7214753962461	1.55374654905284	0.0236817658379069	0	0.1704
CPCG0103P	0	8.57393	6.39454	6.92390252980362	198213466	180445924	1.16048	90.4799017735395	35.0501096974746	3.69507666725102	0.681318404768158	0.077221718683786	90.4799377264136	40.4266244157131	1.64212372076261	0.0242310686028337	0	0.17034
CPCG0103P	0	9.02392	6.67972	7.23268757147834	211162308	190260555	1.15916	91.100578698166	37.0996083285925	4.22432000348494	0.794850763368998	0.0845903454338959	91.1006160608087	42.5347541331161	1.90061466075108	0.0252119442092714	0	0.17559
CPCG0123P	1	10.6938	9.25079	10.0166065836642	213970436	297672612	1.09569	96.2495380375254	67.3126563191295	3.44856191213113	0.120813317841417	0.0367786256500312	96.2495357595507	73.7022413496912	0.717388304181671	0.0116611593586278	0	0.42124
CPCG0123P	1	12.0167	10.7337	11.6222353554287	214049943	313506560	1.10742	96.497026212634	75.8106157199586	7.8725227862155	0.274190248892226	0.0579180578946755	96.4970233824231	80.5906573397084	2.02587575780498	0.0182580359067046	1	0.99699
CPCG0123P	1	12.0472	10.7533	11.6434814431371	210489847	309765367	1.10827	96.5054639343085	75.1742459659779	8.331753089083	0.297662361700573	0.0601382548309896	96.5054614492452	79.6783235884172	2.15163448959757	0.0190408308343483	1	0.99891
CPCG0123P	1	12.2668	10.9004	11.8027469279771	219519336	318273618	1.11242	96.4625837190244	75.6339059777012	9.15854119520451	0.339802580368683	0.0598730778720352	96.462581406535	80.2836138296776	2.52800505199003	0.0191061327745203	1	0.99936
CPCG0123P	1	12.3631	11.0688	11.9851266382043	215287881	318142168	1.11106	96.5436514527692	76.8313246332858	9.47691769818418	0.348222768541214	0.0629419239124455	96.5436482428958	81.2062272867569	2.5701876202779	0.020046418586416	1	0.99992
CPCG0123P	1	12.5108	11.1198	12.0403359471152	220867905	321289591	1.11406	96.5038042226821	76.7070734375096	9.97547899376076	0.380951707487088	0.063246620280225	96.5038013579564	81.012192925966	2.79912434944103	0.0200796563075501	1	0.99997
CPCG0183P	1	11.3312	10.1005	10.9366375992418	200310747	295152644	1.10229	96.3639693677614	71.3349169677392	6.60955558244478	0.268042616558355	0.0534775604777447	96.3639667101243	76.454368113685	1.72698936438863	0.0158590524745707	1	0.71693
CPCG0183P	1	11.6477	10.3465	11.2029781369515	205195955	301301281	1.10428	96.4226691851407	72.9408413326016	7.27843973157635	0.295413275903834	0.0567215689633839	96.4226663549297	77.8428649747362	1.94574882759366	0.0166097831831763	1	0.96277
CPCG0183P	1	11.6589	10.3539	11.2109951829751	205877682	301517022	1.1042	96.4015667872416	72.7565664019929	7.44276726646659	0.304628235628343	0.0568198325065497	96.4015643021783	77.597730603229	2.00285537427411	0.0166802968532458	1	0.95928
CPCG0183P	1	11.669	10.3106	11.1641003207241	207751507	301247160	1.1045	96.3852267714815	72.4542533134264	7.36201189136803	0.303373623828526	0.0559481275377416	96.3852239067558	77.323881946991	1.98050813225442	0.0163623468147338	1	0.94153
CPCG0183P	1	12.0306	10.693	11.5782202762954	211205559	309740008	1.10718	96.4672584681686	74.7022432317815	8.55763964469495	0.36182175952297	0.0607938973550425	96.4672556379577	79.1367192023686	2.37587631299228	0.0177230224951789	1	0.9983
CPCG0183P	1	12.1274	10.812	11.7070325916982	212064488	312609780	1.10761	96.4958999267399	75.4701953597658	8.8684409845556	0.37354514900746	0.0619506943036714	96.4958973381323	79.9695608535677	2.49680956965087	0.0184453475501051	1	0.99992
CPCG0184P	1	12.4095	11.0714	11.9879143107265	215095114	322075346	1.09611	96.5790257760726	76.3812129249119	10.4205184464128	0.564257670511976	0.0585456399127242	96.5790225316845	80.6443726724196	3.28676006438463	0.0164960570241558	1	0.99998
CPCG0184P	1	12.5105	11.2117	12.1398077680763	216264135	325611324	1.09763	96.5845410288357	76.8814271672204	11.0794498481491	0.620755204119305	0.0601308341559701	96.5845380605657	81.047693504289	3.58273441234948	0.017125226721511	1	1
CPCG0184P	1	12.5986	11.2879	12.2223220989089	217835395	327700956	1.09806	96.5940240992744	77.3885175450611	11.3020790035456	0.635578675508822	0.0605729338132976	96.5940208548863	81.3011029984008	3.54782931731067	0.0169528944872198	1	0.99999
CPCG0184P	1	12.6391	11.3395	12.2782760663453	217552068	328786917	1.09855	96.606418870017	77.6241999784499	11.5014482429246	0.650543830019061	0.0618652012244927	96.6064156946584	81.775976463872	3.76431108197667	0.0175457546491305	1	0.99999
CPCG0184P	1	12.6939	11.3822	12.3244348280074	218633815	329971079	1.0988	96.6067228415746	77.7449340158703	11.7315261338466	0.675563826606952	0.0621164687321314	96.6067195971865	81.7163626954484	3.83388788319625	0.0174994358311015	1	1
CPCG0184P	1	12.78	11.4632	12.4122041108906	219728756	332062209	1.0995	96.6173686109872	78.1192870865561	12.0482471705164	0.701413489176796	0.0627427046742463	96.6173657462615	82.1571533457024	4.00107448336984	0.017852590932497	1	1
